14.4544 64.2018 11.8792 -0.106167 0.634167 0.70805
-0.6016 54.7909 12.9319 0.000250002 0.607 0.684083
-0.4688 43.4972 18.9535 -0.0111375 0.262375 0.933863
25.2036 25.0573 -12.4184 0.534917 -0.463433 -0.6814
15.2755 11.974 -8.7137 0.50625 -0.655983 -0.526517
12.0554 18.0838 -15.395 0.283814 -0.431 -0.834357
-15.6826 21.1978 15.8858 -0.313386 -0.4068 0.830257
-2.8775 10.3591 13.0521 -0.07956 -0.53432 0.81908
-0.3179 21.4497 18.423 0.00751667 -0.299583 0.939533
26.2088 19.8878 6.1044 0.689267 -0.586017 0.345967
15.7792 9.0458 -1.9089 0.603371 -0.757071 -0.0443571
31.2254 24.455 -1.5428 0.798533 -0.555817 -0.0672167
-2.7909 1.632 -4.3644 -0.195833 -0.8709 -0.165067
-18.0399 15.9023 -11.2626 -0.488587 -0.571375 -0.60305
-2.1612 3.7765 -8.4517 -0.059 -0.696617 -0.628933
19.282 48.6881 -18.4931 0.0689571 0.139143 -0.976
-0.5508 44.6117 -18.458 0.00298333 0.311367 -0.928767
15.6865 59.6584 -15.3211 -0.0510667 0.464033 -0.8474
25.2648 53.6179 -16.4475 0.316433 0.258767 -0.884617
24.8448 42.2142 -17.6968 0.2994 -0.0133 -0.94274
33.5556 52.308 12.7262 0.570117 0.207583 0.7456
34.6092 38.5864 11.6413 0.6974 -0.242467 0.6193
39.435 48.7808 6.0704 0.875417 0.0796 0.3543
-27.8887 66.6739 2.044 -0.44132 0.83624 0.12642
-37.0323 57.5727 5.2092 -0.740267 0.483083 0.3111
-24.606 64.3141 11.0346 -0.266914 0.653886 0.612529
-25.623 39.8123 17.5193 -0.34924 -0.10042 0.9074
-9.9037 31.2317 19.7216 -0.0913833 -0.07745 0.978517
-21.4973 52.6173 18.0345 -0.148133 0.229783 0.925433
-7.0083 15.8829 -15.6248 -0.17242 -0.43806 -0.86442
-16.4584 27.6032 -17.6339 -0.2524 -0.2945 -0.90846
-5.8586 37.3253 -19.8343 -0.02075 0.0654333 -0.991467
-21.2161 51.5115 -18.1713 -0.147143 0.2073 -0.934443
14.8138 31.7667 -19.0392 0.181614 -0.145371 -0.961571
-0.2687 24.305 -19.2578 -0.0022875 -0.213775 -0.962525
-12.899 32.6001 -19.2907 -0.13556 -0.08842 -0.98048
-33.5558 62.26 -3.6542 -0.644933 0.654467 -0.253483
-40.1297 51.8869 -3.3322 -0.875967 0.218883 -0.200117
32.5783 44.3771 -14.2294 0.54032 -0.02712 -0.81132
37.7291 51.3105 -9.6815 0.70945 0.16695 -0.56195
12.9352 67.0873 6.9947 -0.25928 0.8338 0.37148
14.1648 68.5994 -1.4007 -0.211383 0.921783 -0.02725
0.024 59.9425 6.4346 0.000466675 0.8099 0.22975
8.146 36.7833 -19.7818 0.0437 -0.0044 -0.995825
6.1649 3.2514 -3.8188 0.344283 -0.8491 -0.262217
3.5499 3.3119 7.3229 0.228229 -0.785972 0.396343
15.0517 10.9313 7.7154 0.50822 -0.66146 0.48052
27.079 21.3587 -6.4087 0.68012 -0.59746 -0.3831
36.5465 37.5738 -8.6456 0.764286 -0.320857 -0.4865
40.2005 42.251 -0.1793 0.9381 -0.160883 -0.0674167
-18.912 15.5745 9.6691 -0.55052 -0.60798 0.52548
-17.655 10.1362 0.1642 -0.59535 -0.74555 0.00498334
-4.5472 3.4552 6.7867 -0.303283 -0.7424 0.463933
5.2041 5.9946 -9.2051 0.28608 -0.66934 -0.647
3.7398 12.4461 -14.2779 0.08272 -0.48514 -0.85524
18.9911 27.7235 -16.8069 0.337325 -0.3168 -0.877225
28.3163 35.5491 -15.4484 0.458283 -0.234717 -0.831667
-28.2295 37.46 -16.5162 -0.418543 -0.163943 -0.846371
-0.0029 60.1217 -6.3305 -0.00548333 0.795983 -0.298533
-12.1125 67.7614 -3.1455 0.301917 0.894483 -0.112117
-28.5861 21.8173 3.8797 -0.72206 -0.59156 0.2547
-28.1461 21.4166 -4.4379 -0.7543 -0.581483 -0.2055
-39.5227 40.4314 -3.9034 -0.894117 -0.27095 -0.173317
-36.9095 34.4178 4.0034 -0.8442 -0.41784 0.18926
27.6711 67.3363 -2.1176 0.362667 0.837483 -0.12335
34.4911 59.8285 7.0859 0.641367 0.5612 0.390567
38.432 56.3217 -4.0109 0.80325 0.415967 -0.15725
8.1814 14.0983 14.3695 0.25285 -0.497217 0.804567
17.0956 26.3335 17.2488 0.26994 -0.29896 0.89638
11.0861 33.7494 19.7501 0.0914667 -0.0545333 0.98325
27.6832 39.9575 16.8377 0.400083 -0.121317 0.878083
23.3342 51.0276 17.7681 0.200383 0.185967 0.934167
-13.6836 59.6988 14.7828 0.13214 0.50932 0.82294
-12.4317 65.8199 9.1428 0.252683 0.77635 0.47185
-38.9376 45.3382 7.5543 -0.8708 -0.0412 0.364767
-33.4021 51.4335 13.2785 -0.561717 0.178233 0.7502
-14.4962 63.3981 -13.1877 0.131586 0.626614 -0.677857
-32.5684 55.1285 -12.5986 -0.558883 0.30385 -0.7021
23.7322 67.185 6.2875 0.20575 0.847467 0.3727
13.8582 66.4289 -9.0631 -0.1508 0.7841 -0.493333
0.383 54.3954 -13.349 -0.06486 0.57958 -0.71868
25.577 63.7635 -10.8218 0.35125 0.614783 -0.62415
-32.2567 35.2181 12.6186 -0.6316 -0.3218 0.653229
-22.7502 67.6827 -6.1503 -0.2029 0.872083 -0.304733
-27.4193 62.0405 -11.2254 -0.3537 0.58816 -0.6658
-18.772 68.7874 3.2127 -0.03744 0.93918 0.16296
24.4382 25.3895 12.9687 0.5072 -0.452483 0.713367
37.6112 36.8986 5.1034 0.85548 -0.3594 0.28062
-32.8624 31.6798 -9.1406 -0.70672 -0.4206 -0.52748
-35.9961 44.0666 -11.8401 -0.72818 -0.07362 -0.6091
24.1238 61.4019 12.8665 0.2849 0.54175 0.755583
16.645 56.1452 16.9703 0.007375 0.393825 0.890275
0 1 2
3 4 5
6 7 8
9 10 11
12 13 14
15 16 17
18 19 15
20 21 22
23 24 25
26 27 28
29 13 30
31 32 16
19 33 15
34 35 31
31 35 32
36 37 24
38 18 39
40 41 42
15 43 31
15 31 16
14 44 12
45 10 46
10 47 11
48 39 49
50 51 52
12 44 45
53 14 54
29 30 34
47 48 11
3 55 56
54 14 29
14 13 29
56 55 33
54 29 34
10 4 47
45 44 10
48 3 56
39 48 38
5 34 33
34 31 43
38 48 56
38 19 18
47 4 3
47 3 48
34 5 54
5 53 54
10 44 4
44 14 53
38 56 19
19 56 33
35 57 32
30 13 57
34 30 35
30 57 35
4 53 5
53 4 44
33 43 15
33 34 43
3 5 55
5 33 55
41 58 42
59 42 58
60 61 51
62 61 63
64 65 66
66 65 22
67 68 8
69 70 71
1 72 2
42 59 73
62 63 74
75 26 28
16 32 76
36 77 37
71 70 20
78 65 64
79 17 80
81 64 66
51 50 60
63 82 74
83 76 84
59 83 85
67 46 86
21 9 87
28 25 75
1 73 72
88 62 89
37 77 89
20 90 71
0 2 91
27 2 28
2 69 71
41 78 64
64 81 79
80 58 79
76 58 80
6 27 26
60 50 82
11 87 9
11 48 49
58 76 59
76 83 59
51 13 12
51 12 52
32 57 77
32 84 76
75 25 24
37 74 24
62 74 37
37 89 62
85 23 25
73 25 72
52 7 6
45 46 67
51 61 13
57 13 88
75 74 82
24 74 75
28 2 72
72 25 28
52 6 50
82 50 6
91 90 0
41 40 78
65 20 22
65 90 20
36 83 84
83 23 85
68 70 69
86 9 21
82 6 26
75 82 26
57 88 89
57 89 77
17 18 15
17 79 81
18 17 81
81 39 18
52 45 7
52 12 45
42 1 40
42 73 1
70 21 20
86 21 70
16 76 80
16 80 17
8 68 69
27 69 2
87 22 21
49 66 22
39 66 49
81 66 39
45 67 7
8 7 67
73 59 85
85 25 73
63 60 82
61 60 63
41 79 58
64 79 41
8 69 27
6 8 27
90 65 78
78 0 90
23 83 36
23 36 24
88 13 61
88 61 62
71 91 2
71 90 91
87 49 22
11 49 87
32 77 84
36 84 77
67 86 68
68 86 70
46 9 86
46 10 9
40 1 0
78 40 0
